7.199223777729749
6.843409012321704
6.635271044105439
6.48759503419265
6.373048798463683
6.279457853254981
6.200327958222383
6.13178263062039
6.071321459595241
6.017237182169219
5.968312077147863
5.923647024237916
5.882559221576765
5.844517916482317
5.809102363063348
5.775973376156926
5.7448535242352206
5.715512992407979
5.687759272766371
5.661429502257761
5.636384671927653
5.612505184511808
5.5896874003353805
5.5678409188768665
5.5468864156328035
5.526753903490321
5.507381322401861
5.488713385670081
5.4707006287760995
5.45329861952492
5.436467297751322
5.420170419891908
5.4043750890515785
5.389051355243214
5.37417187358995
5.359711610688584
5.3456475912134245
5.331958678319188
5.3186253825733205
5.305629695082392
5.292954941226874
5.280585652023698
5.268507450627074
5.256706951878869
5.245171673148487
5.233889954973058
5.2228508902330395
5.212044260784762
5.201460480627167
5.191090544810518
5.1809259834046895
5.170958819937454
5.161181533791775
5.1515870261180154
5.1421685888740205
5.1329198766548565
5.123834881015911
5.114907907029097
5.106133551843135
5.09750668504574
5.089022430648998
5.080676150539564
5.072463429253006
5.064380059947176
5.056422031463061
5.048585516373472
5.040866859930422
5.033262569831333
5.0257693067322915
5.018383875443896
5.011103216751574
5.003924399807958
4.996844615049976
4.989861167597827
4.982971471097012
4.976173041968219
4.969463494033063
4.962840533486582
4.956301954189986
4.949845633259484
4.9434695269291105
4.937171666667398
4.930950155529414
4.924803164727254
4.918728930403479
4.912725750593261
4.9067919823621295
4.900926039107292
4.895126388011426
4.889391547638743
4.8837200856638505
4.878110616724749
4.872561800391873
4.867072339245765
4.861640977056446
4.856266497058124
4.850947720313299
4.845683504160765
4.840472740742392
4.835314355603952
4.83020730636555
4.825150581457562
4.820143198918232
4.815184205249365
4.810272674326766
4.805407706362326
4.800588426914834
4.795813985946806
4.79108355692477
4.7863963359606485
4.7817515409919835
4.777148410998926
4.772586205256032
4.76806420261702
4.763581700830753
4.7591380158868475
4.754732481389361
4.7503644479571285
4.746033282649412
4.741738368415574
4.737479103567593
4.733254901274276
4.7290651890761355
4.724909408419886
4.720787014211652
4.716697474387971
4.712640269503749
4.708614892336384
4.704620847505291
4.700657651106114
4.696724830358951
4.692821923269969
4.688948478305769
4.685104054079965
4.681288219051402
4.67750055123352
4.673740637914353
4.670008075386724
4.666302468688166
4.662623431350174
4.658970585156388
4.655343559909299
4.6517419932051585
4.64816553021673
4.644613823483547
4.641086532709394
4.6375833245666875
4.634103872507493
4.630647856580901
4.627214963256525
4.623804885253842
4.62041732137718
4.617051976356117
4.61370856069107
4.610386790503887
4.607086387393238
4.603807078294635
4.6005485953448915
4.597310675750848
4.594093061662236
4.590895500048478
4.587717742579311
4.584559545509097
4.581420669564648
4.578300879836473
4.575199945673313
4.5721176405798385
4.569053742117401
4.566008031807731
4.562980295039475
4.559970320977479
4.556977902474707
4.55400283598672
4.551044921488624
4.54810396239438
4.5451797654784345
4.542272140799556
4.53938090162682
4.536505864367671
4.533646848497986
4.530803676494073
4.527976173766543
4.525164168596005
4.522367492070491
4.519585978024598
4.516819462980266
4.5140677860891225
4.511330789076405
4.508608316186332
4.5059002141289355
4.5032063320282845
4.500526521372063
4.497860635962453
4.495208531868288
4.492570067378442
4.489945102956403
4.487333501196004
4.48473512677828
4.4821498464294045
4.479577528879689
4.477018044823592
4.474471266880736
4.471937069557872
4.469415329211795
4.466905924013147
4.464408733911115
4.461923640598981
4.459450527480495
4.456989279637073
4.454539783795746
4.4521019282979015
4.449675603068753
4.447260699587517
4.444857110858309
4.442464731381695
4.440083457126928
4.4377131855048
4.4353538153411405
4.433005246850905
4.430667381612867
4.428340122544869
4.426023373879649
4.423717041141194
4.421421031121638
4.41913525185866
4.416859612613392
4.4145940238488155
4.412338397208626
4.410092645496564
4.407856682656203
4.405630423751161
4.403413784945744
4.401206683486027
4.399009037681303
4.396820766885958
4.394641791481716
4.392472032860264
4.390311413406244
4.388159856480596
4.386017286404252
4.383883628442174
4.381758808787713
4.3796427545473
4.377535393725441
4.375436655210027
4.373346468757942
4.371264764980963
4.369191475331936
4.367126532091246
4.365069868353545
4.363021418014751
4.360981115759305
4.358948897047677
4.356924698104124
4.354908455904683
4.3529001081654
4.350899593330798
4.34890685056255
4.346921819728385
4.344944441391211
4.342974656798434
4.341012407871489
4.339057637195567
4.337110288009545
4.335170304196094
4.333237630271983
4.331312211378561
4.329393993272418
4.3274829223162135
4.325578945469692
4.323682010280845
4.321792064877247
4.319909057957546
4.318032938783117
4.316163657169852
4.314301163480121
4.312445408614858
4.3105963440057975
4.308753921607856
4.306918093891641
4.3050888138361
4.30326603492129
4.301449711121292
4.2996397968972335
4.297836247190443
4.296039017415726
4.294248063454742
4.292463341649527
4.290684808796096
4.288912422138176
4.287146139361041
4.285385918585453
4.283631718361708
4.2818834976637765
4.280141215883556
4.27840483282521
4.276674308699604
4.274949604118847
4.273230680090898
4.271517498014298
4.269810019672954
4.268108207231039
4.266412023227959
4.264721430573404
4.263036392542488
4.261356872770967
4.259682835250523
4.258014244324145
4.2563510646815645
4.254693261354784
4.253040799713656
4.251393645461556
4.249751764631107
4.248115123579976
4.246483688986748
4.244857427846852
4.243236307468556
4.241620295469028
4.2400093597704585
4.2384034685962355
4.23680259046719
4.235206694197894
4.233615748893019
4.232029723943746
4.230448589024234
4.2288723140881475
4.227300869365226
4.225734225357913
4.22417235283804
4.222615222843552
4.221062806675286
4.2195150758938045
4.217972002316264
4.2164335580133425
4.214899715306205
4.213370446763516
4.211845725198504
4.210325523666056
4.208809815459863
4.207298574109609
4.205791773378199
4.2042893872590215
4.202791389973265
4.201297755967256
4.199808459909856
4.198323476689875
4.19684278141354
4.195366349401984
4.1938941561887875
4.192426177517544
4.19096238933946
4.189502767811001
4.188047289291549
4.186595930341123
4.185148667718098
4.183705478376987
4.182266339466231
4.180831228326038
4.17940012248623
4.17797299966415
4.176549837762567
4.1751306148676335
4.173715309246854
4.1723038993471
4.170896363792629
4.169492681383155
4.168092831091924
4.166696792063834
4.165304543613561
4.1639160652237335
4.162531336543109
4.1611503373847905
4.159773047724459
4.1583994476986375
4.1570295176029655
4.155663237890509
4.154300589170087
4.152941552204623
4.151586107909509
4.15023423735101
4.14888592174467
4.147541142453744
4.1461998809876635
4.144862119000504
4.143527838289484
4.142197020793475
4.140869648591543
4.139545703901492
4.138225169078444
4.136908026613424
4.135594259131973
4.134283849392763
4.132976780286253
4.131673034833339
4.130372596184041
4.12907544761619
4.127781572534137
4.126490954467488
4.125203577069841
4.123919424117543
4.122638479508471
4.121360727260817
4.120086151511885
4.118814736516928
4.117546466647965
4.116281326392632
4.115019300353058
4.113760373244721
4.112504529895354
4.111251755243837
4.110002034339125
4.108755352339167
4.107511694509859
4.106271046223994
4.105033392960228
4.103798720302069
4.102567013936865
4.1013382596548045
4.100112443347945
4.098889551009233
4.097669568731545
4.096452482706744
4.095238279224736
4.094026944672548
4.092818465533414
4.091612828385864
4.090410019902841
4.089210026850806
4.088012836088872
4.086818434567941
4.085626809329847
4.08443794750652
4.083251836319143
4.082068463077337
4.080887815178343
4.079709880106219
4.078534645431044
4.077362098808127
4.076192227977236
4.075025020761827
4.073860465068286
4.072698548885168
4.071539260282471
4.070382587410885
4.069228518501076
4.068077041862965
4.066928145885018
4.065781819033542
4.064638049851994
4.063496826960294
4.062358139054144
4.061221974904355
4.060088323356192
4.058957173328706
4.0578285138140915
4.056702333877042
4.0555786226541155
4.054457369353105
4.05333856325242
4.052222193700466
4.051108250115044
4.049996721982742
4.048887598858347
4.047780870364245
4.046676526189857
4.045574556091044
4.04447494988955
4.043377697472434
4.042282788791511
4.0411902138628015
4.040099962765988
4.039012025643871
4.037926392701836
4.036843054207328
4.035762000489323
4.034683221937814
4.0336067090032985
4.0325324521962695
4.031460442086717
4.030390669303629
4.029323124534501
4.0282577985248516
4.02719468207774
4.026133766053289
4.025075041368219
4.024018498995373
4.022964129963262
4.021911925355608
4.020861876310888
4.019813974021887
4.018768209735262
4.017724574751094
4.01668306042246
4.015643658155002
4.014606359406503
4.013571155686462
4.012538038555682
4.011506999625856
4.010478030559157
4.009451123067837
4.008426268913823
4.007403459908323
4.006382687911435
4.005363944831755
4.004347222625995
4.003332513298602
4.002319808901382
4.001309101533123
4.000300383339229
3.9992936465113536
3.9982888832870342
3.99728608594934
3.99628524682651
3.9952863582916054
3.9942894127621553
3.99329440269982
3.9923013206100446
3.9913101590417184
3.9903209105868447
3.9893335678802044
3.9883481235990335
3.9873645704626863
3.9863829012323255
3.985403108710595
3.9844251857413084
3.9834491252091273
3.982474920039262
3.981502563197157
3.9805320476881856
3.9795633665573535
3.9785965128889993
3.9776314798064907
3.97666826047194
3.9757068480859123
3.9747472358871336
3.9737894171522097
3.972833385195341
3.971879133368045
3.970926655058878
3.9699759436931603
3.9690269927327058
3.968079795675548
3.9671343460556794
3.9661906374427818
3.9652486634419657
3.9643084176935113
3.963369893872609
3.9624330856891077
3.9614979868872595
3.9605645912454683
3.9596328925760464
3.95870288472496
3.957774561571598
3.9568479170285165
3.955922945041211
3.9549996395878733
3.9540779946791575
3.9531580043579466
3.9522396626991245
3.951322963809345
3.9504079018268023
3.949494470921012
3.9485826652925864
3.9476724791730096
3.946763906824426
3.9458569425394163
3.944951580640788
3.94404781548136
3.9431456414437505
3.9422450529401694
3.941346044412212
3.9404486103306486
3.9395527451952246
3.9386584435344596
3.9377656999054422
3.936874508893636
3.935984865112679
3.935096763204193
3.9342101978375847
3.9333251637098594
3.9324416555454245
3.931559668095908
3.9306791961399656
3.929800234483101
3.9289227779574762
3.928046821421734
3.9271723597608146
3.9262993878857784
3.9254279007336272
3.92455789326713
3.9236893604746466
3.922822297369954
3.921956698992077
3.9210925604051172
3.920229876698082
3.9193686429847228
3.9185088544033624
3.917650506116736
3.9167935933118248
3.915938111199694
3.915084055015336
3.9142314200175075
3.9133802014885717
3.912530394734346
3.9116819950839425
3.9108349978896157
3.9099893985266103
3.9091451923930087
3.9083023749095807
3.907460941519638
3.9066208876888813
3.905782208905258
3.904944900678814
3.9041089585415527
3.903274378047289
3.9024411547715103
3.901609284311233
3.9007787622848644
3.8999495843320653
3.899121746113613
3.898295243311262
3.897470071627613
3.8966462267859754
3.8958237045302373
3.895002500624732
3.8941826108541093
3.8933640310231996
3.8925467569568966
3.8917307845000173
3.8909161095171845
3.8901027278926947
3.8892906355303998
3.888479828353578
3.8876703023048136
3.8868620533458746
3.886055077457593
3.885249370639744
3.884444928910926
3.883641748308447
3.8828398248882032
3.8820391547245627
3.8812397339102542
3.8804415585562504
3.8796446247916525
3.878848928763583
3.878054466637068
3.8772612345949318
3.8764692288376823
3.875678445583406
3.874888881067656
3.8741005315433483
3.873313393280651
3.8725274625668833
3.8717427357064067
3.8709592090205236
3.8701768788473694
3.8693957415418176
3.868615793475369
3.8678370310360584
3.8670594506283495
3.8662830486730373
3.86550782160715
3.864733765883848
3.8639608779723305
3.863189154357736
3.8624185915410494
3.861649186039002
3.8608809343839834
3.8601138331239424
3.8593478788222977
3.858583068057843
3.857819397424658
3.857056863532016
3.8562954630042925
3.855535192480878
3.854776048616087
3.8540180280790723
3.8532611275537336
3.8525053437386356
3.851750673346916
3.8509971131062057
3.8502446597585376
3.849493310060269
3.84874306078199
3.8479939087084474
3.847245850638459
3.846498883384829
3.845753003774273
3.8450082086473314
3.844264494858293
3.8435218592751106
3.842780298779328
3.8420398102659976
3.8413003906436045
3.840562036833986
3.839824745772257
3.8390885144067366
3.838353339698867
3.837619218623139
3.836886148167024
3.8361541253308915
3.8354231471279396
3.834693210584122
3.833964312738074
3.8332364506410435
3.8325096213568153
3.831783821961642
3.831059049544176
3.830335301205395
3.829612574058536
3.8288908652290243
3.828170171854406
3.8274504910842793
3.8267318200802274
3.826014156015753
3.825297496076207
3.8245818374587275
3.82386717737217
3.8231535130370466
3.8224408416854567
3.8217291605610244
3.8210184669188365
3.8203087580253756
3.8196000311584615
3.8188922836071826
3.818185512671839
3.8174797156638784
3.8167748899058362
3.8160710327312723
3.815368141484714
3.8146662135215923
3.813965246208184
3.8132652369215543
3.812566183049495
3.8118680819904665
3.8111709311535416
3.8104747279583457
3.8097794698350027
3.809085154224073
3.808391778576505
3.807699340353567
3.8070078370268057
3.8063172660779796
3.8056276249990093
3.804938911291922
3.8042511224687967
3.803564256051712
3.802878309572689
3.802193280573644
3.801509166606328
3.8008259652322818
3.8001436740227783
3.7994622905587754
3.79878181243086
3.798102237239201
3.7974235625934942
3.7967457861129184
3.796068905426077
3.7953929181709563
3.7947178219948694
3.7940436145544143
3.7933702935154154
3.7926978565528873
3.7920263013509734
3.791355625602912
3.7906858270109733
3.7900169032864284
3.789348852149491
3.7886816713292726
3.788015358563742
3.7873499115996734
3.7866853281926023
3.7860216061067806
3.785358743115133
3.784696736999209
3.7840355855491414
3.783375286563601
3.7827158378497496
3.7820572372232033
3.781399482507983
3.780742571536473
3.7800865021493792
3.7794312721956858
3.778776879532613
3.7781233220255768
3.7774705975481426
3.77681870398199
3.776167639216866
3.775517401150548
3.7748679876888
3.774219396745336
3.7735716262417762
3.7729246741076077
3.7722785382801467
3.771633216704499
3.770988707333517
3.7703450081277676
3.769702117055485
3.7690600320925407
3.7684187512224
3.7677782724360833
3.767138593732135
3.7664997131165783
3.7658616286028823
3.7652243382119237
3.764587839971951
3.7639521319185447
3.763317212094588
3.7626830785502214
3.7620497293428143
3.7614171625369255
3.760785376204269
3.7601543684236796
3.759524137281076
3.7588946808694272
3.758265997288717
3.7576380846459116
3.757010941054922
3.7563845646365754
3.755758953518575
3.7551341058354715
3.7545100197286274
3.753886693346185
3.7532641248430307
3.7526423123807677
3.752021254127679
3.751400948258695
3.7507813929553655
3.7501625864058203
3.7495445268047467
3.748927212353352
3.7483106412593314
3.7476948117368414
3.747079722006465
3.746465370295182
3.7458517548363397
3.745238873869619
3.74462672564101
3.744015308402775
3.743404620413424
3.742794659937681
3.7421854252464573
3.741576914616823
3.740969126331972
3.740362058681202
3.7397557099598764
3.7391500784694016
3.7385451625171964
3.737940960416665
3.737337470487165
3.736734691053986
3.736132620448315
3.735531257007213
3.7349305990735857
3.734330644996157
3.73373139312944
3.7331328418337137
3.732534989474992
3.7319378344249983
3.7313413750611413
3.7307456097664846
3.7301505369297243
3.729556154945159
3.728962462212668
3.728369457137681
3.7277771381311573
3.7271855036095562
3.726594551994814
3.7260042817143173
3.725414691200878
3.724825778892712
3.7242375432334085
3.7236499826719087
3.723063095662481
3.722476880664697
3.7218913361434076
3.721306460568715
3.720722252415956
3.7201387101656707
3.7195558323035818
3.7189736173205756
3.7183920637126695
3.7178111699809966
3.717230934631778
3.716651356176301
3.7160724331308996
3.7154941640169254
3.7149165473607297
3.7143395816936384
3.713763265551932
3.713187597476821
3.712612576014427
3.7120381997157557
3.7114644671366808
3.7108913768379166
3.710318927385001
3.709747117348272
3.7091759453028454
3.7086054098285954
3.7080355095101325
3.7074662429367815
3.706897608702563
3.7063296054061716
3.705762231650952
3.7051954860448855
3.704629367200562
3.7040638737351634
3.703499004270443
3.702934757432707
3.7023711318527917
3.7018081261660427
3.7012457390122995
3.7006839690358726
3.7001228148855256
3.6995622752144532
3.6990023486802635
3.6984430339449603
3.697884329674921
3.6973262345408786
3.6967687472179054
3.6962118663853887
3.695655590727016
3.695099918930757
3.694544849688843
3.6939903816977466
3.6934365136581686
3.6928832442750172
3.6923305722573865
3.6917784963185447
3.691227015175911
3.6906761275510407
3.6901258321696067
3.68957612776138
3.689027013060216
3.688478486804032
3.687930547734797
3.687383194598505
3.6868364261451663
3.686290241128785
3.685744638307345
3.685199616442791
3.684655174301014
3.684111310651831
3.6835680242689732
3.683025313930066
3.6824831784166117
3.681941616513976
3.68140062701137
3.6808602087018363
3.680320360382228
3.679781080853196
3.6792423689191756
3.678704223388365
3.678166643072711
3.6776296267878994
3.677093173353329
3.6765572815921055
3.676021950331018
3.6754871784005316
3.674952964634765
3.6744193078714824
3.6738862069520684
3.673353660721524
3.672821668028445
3.6722902277250062
3.6717593386669534
3.67122899971358
3.6706992097277187
3.670169967575723
3.6696412721274574
3.6691131222562774
3.6685855168390167
3.668058454755975
3.667531934890905
3.6670059561309913
3.666480517366844
3.6659556174924806
3.6654312554053115
3.66490743000613
3.664384140199094
3.663861384891716
3.663339162994846
3.6628174734226624
3.6622963150926515
3.6617756869256004
3.661255587845584
3.660736016779946
3.660216972659289
3.659698454417461
3.659180460991545
3.6586629913218403
3.6581460443518545
3.6576296190282873
3.6571137143010204
3.6565983291231006
3.6560834624507335
3.655569113243264
3.6550552804631686
3.6545419630760403
3.6540291600505768