4.8352758768334
4.479539055983856
4.271479030993169
4.123880962971106
4.009412667796074
3.9158996618025883
3.8368477046445593
3.7683803135745575
3.7079970777368962
3.653990734151928
3.6051435616232648
3.5605564398557283
3.5195465669847774
3.4815831903263996
3.446245563987442
3.4131945028030564
3.3821525752434902
3.3528899664165683
3.3252141684115433
3.2989623181738614
3.2739954067471086
3.2501938368651304
3.2274539688511665
3.205685402181796
3.184808812351645
3.1647542122459296
3.145459541815181
3.126869514360143
3.108934665360025
3.0916105626179227
3.0748571459667073
3.058638171841074
3.0429207433440166
3.027674910486509
3.0128733283897837
2.9984909636487345
2.984504840935766
2.970893823403693
2.957638421618063
2.9447206266835417
2.9321237639787063
2.9198323645185855
2.9078320514554927
2.8961094396294023
2.88465204640782
2.8734482123259806
2.8624870302624483
2.8517582820716614
2.841252381750669
2.830960324347844
2.82087363993117
2.8109843520265323
2.8012849400150035
2.7917683050450597
2.7824277390726597
2.7732568966909863
2.764249769453538
2.755400662430349
2.746704172768254
2.7381551700530853
2.72974877829505
2.721480359378922
2.7133454978383873
2.705339986829423
2.6974598151911384
2.6897011554944656
2.682060352989545
2.67453391537192
2.667118503295804
2.6598109215699264
2.6526081109778388
2.6455071406703023
2.6385052010823764
2.6315995973323894
2.6247877430639748
2.618067154695952
2.611435446048069
2.604890323313499
2.598429580351586
2.592051094276675
2.585752821320938
2.5795327929510456
2.573389112220202
2.5673199503386432
2.5613235434470716
2.5553981895787996
2.5495422457974986
2.5437541254985185
2.5380322958626835
2.5323752754523476
2.5267816319402647
2.5212499799625805
2.51577897908788
2.5103673318948516
2.505013782151666
2.499717113090682
2.494476145772552
2.4892897375342202
2.4841567805157103
2.4790762002609457
2.474046954388189
2.4690680313259707
2.464138449110691
2.459257254242313
2.4544235205947995
2.449636348378199
2.4448948631494636
2.4401982148692674
2.4355455770023036
2.4309361456586545
2.4263691387740254
2.4218437953267333
2.4173593745894997
2.412915155414207
2.408510435547887
2.404144530978325
2.399816775307745
2.395526519153154
2.391273129571984
2.387055989511769
2.3828744972826588
2.3787280660516354
2.374616123357385
2.3705381106447967
2.3664934828181714
2.362481707812223
2.3585022661800346
2.354554650697186
2.3506383659812693
2.346752928126108
2.3428978643499834
2.3390727126572424
2.335277021512671
2.3315103495280667
2.3277722651604593
2.3240623464214747
2.3203801805973323
2.3167253639790424
2.3130975016023276
2.309496206996875
2.3059211019445094
2.302371816245914
2.2988479874955345
2.2953492608643242
2.291875288890013
2.2884257312745793
2.285000254688634
2.281598532582438
2.2782202450032822
2.274865078418975
2.2715327255471927
2.268222885190466
2.2649352620765715
2.261669566704127
2.258425515193183
2.255202829140614
2.2520012354801366
2.2488204663467664
2.2456602589455543
2.2425203554244355
2.2394005027510393
2.2363004525933157
2.233219961203832
2.2301587893076116
2.227116701993375
2.224093468608076
2.221088862654597
2.218102661692505
2.2151346472417424
2.2121846046891744
2.2092523231978607
2.2063375956189843
2.2034402184063255
2.200559991533206
2.1976967184118092
2.1948502058148023
2.1920202637991744
2.1892067056322246
2.1864093477196214
2.1836280095354654
2.1808625135542883
2.1781126851849315
2.1753783527062254
2.1726593472044335
2.1699555025123822
2.167266655150236
2.1645926442678602
2.1619333115887187
2.1592885013552623
2.1566580602757575
2.1540418374725068
2.1514396844314283
2.1488514549529407
2.1462770051041145
2.1437161931720605
2.141168879618504
2.1386349270355183
2.136114200102378
2.133606565543498
2.1311118920874303
2.1286300504268776
2.126160913179705
2.12370435485091
2.1212602517955292
2.1188284821824523
2.1164089259591137
2.1140014648170427
2.1116059821582414
2.1092223630623685
2.10685049425471
2.1044902640749052
2.1021415624464175
2.0998042808467194
2.097478312278177
2.095163551239613
2.0928598936985345
2.0905672370639925
2.0882854801600716
2.086014523199988
2.083754267760771
2.0815046167585254
2.079265474424249
2.077036746280193
2.0748183391167503
2.0726101609698646
2.0704121210989332
2.0682241299652024
2.066046099210633
2.0638779416372346
2.0617195711868455
2.059570902921352
2.0574318530033335
2.0553023386771314
2.0531822782503113
2.0510715910755324
2.04897019753279
2.0468780190120466
2.0447949778962164
2.042720997544516
2.0406560022761546
2.038599917354371
2.0365526689707947
2.0345141842301344
2.032484391135175
2.030463218572092
2.0284505962960493
2.0264464549171035
2.0244507258863864
2.0224633414825672
2.0204842347985825
2.018513339728635
2.016550590955454
2.014595923937797
2.0126492748982074
2.0107105808110126
2.0087797793905517
2.006856809079633
2.004941609038224
2.003034119132348
2.0011342799232046
1.9992420326564946
1.9973573192519476
1.9954800822930527
1.9936102650169814
1.9917478113047042
1.9898926656712888
1.9880447732563822
1.9862040798148748
1.9843705317077298
1.9825440758929922
1.9807246599169552
1.9789122319054984
1.9771067405555756
1.9753081351268642
1.9735163654335661
1.9717313818363564
1.9699531352344763
1.9681815770579716
1.9664166592600671
1.9646583343096815
1.9629065551840716
1.9611612753616103
1.9594224488146892
1.957690030002751
1.9559639738654397
1.9542442358158727
1.9525307717340312
1.950823537960265
1.949122491288909
1.947427588962008
1.9457387886631574
1.9440560485114402
1.9423793270554717
1.9407085832675477
1.9390437765378876
1.9373848666689786
1.935731813870014
1.934084578751424
1.932443122319499
1.9308074059711038
1.9291773914884773
1.9275530410341204
1.9259343171457677
1.9243211827314413
1.9227136010645882
1.9211115357792943
1.9195149508655776
1.9179238106647603
1.916338079864911
1.9147577234963653
1.9131827069273153
1.9116129958594723
1.910048556323797
1.9084893546762987
1.9069353575939014
1.9053865320703745
1.9038428454123293
1.9023042652352764
1.9007707594597483
1.8992422963074784
1.8977188442976438
1.896200372243162
1.894686849247051
1.8931782446988406
1.891674528271039
1.8901756699156584
1.8886816398607897
1.8871924086072283
1.8857079469251563
1.884228225850872
1.8827532166835677
1.8812828909821582
1.879817220562157
1.878356177492597
1.8768997340930007
1.8754478629303928
1.8740005368163577
1.8725577288041424
1.8711194121858
1.8696855604893747
1.8682561474761323
1.8668311471378263
1.8654105336940077
1.8639942815893702
1.8625823654911384
1.861174760286489
1.8597714410800148
1.8583723831912187
1.8569775621520501
1.8555869537044707
1.8542005337980603
1.852818278587651
1.8514401644310026
1.8500661678865016
1.848696265710901
1.8473304348570865
1.8459686524718755
1.84461089589385
1.8432571426512143
1.8419073704596838
1.8405615572204095
1.8392196810179215
1.8378817201181081
1.8365476529662181
1.8352174581848946
1.8338911145722323
1.8325686010998632
1.8312498969110664
1.8299349813189072
1.8286238338043985
1.827316434014685
1.8260127617612578
1.8247127970181878
1.8234165199203856
1.822123910761883
1.8208349499941363
1.819549618224358
1.8182678962138616
1.8169897648764366
1.815715205276741
1.8144441986287116
1.8131767262940046
1.8119127697804458
1.8106523107405093
1.8093953309698112
1.808141812405624
1.8068917371254123
1.8056450873453835
1.8044018454190616
1.8031619938358743
1.8019255152197635
1.8006923923278095
1.7994626080488745
1.7982361454022635
1.7970129875363998
1.7957931177275226
1.7945765193783942
1.7933631760170288
1.7921530712954339
1.7909461889883698
1.7897425129921243
1.7885420273233
1.787344716117619
1.786150563628745
1.7849595542271124
1.7837716723987775
1.7825869027442809
1.7814052299775216
1.7802266389246486
1.7790511145229653
1.7778786418198427
1.7767092059716543
1.7755427922427156
1.7743793860042416
1.7732189727333147
1.7720615380118656
1.7709070675256655
1.7697555470633333
1.7686069625153504
1.7674612998730903
1.7663185452278607
1.7651786847699504
1.7640417047876975
1.76290759166656
1.761776331888202
1.760647912029589
1.7595223187620936
1.7583995388506128
1.7572795591526955
1.756162366617678
1.7550479482858325
1.7539362912875238
1.7528273828423746
1.751721210258446
1.7506177609314184
1.7495170223437897
1.7484189820640788
1.7473236277460398
1.7462309471278836
1.7451409280315096
1.7440535583617462
1.7429688261055987
1.7418867193315068
1.740807226188611
1.739730334906024
1.7386560337921162
1.7375843112338014
1.7365151556958396
1.7354485557201382
1.7343844999250684
1.733322977004785
1.7322639757285558
1.731207484940096
1.730153493556914
1.7291019905696607
1.728052965041486
1.7270064061074057
1.7259623029736721
1.7249206449171526
1.7238814212847144
1.7228446214926183
1.7218102350259155
1.7207782514378525
1.7197486603492842
1.718721451448091
1.7176966144886012
1.7166741392910245
1.7156540157408855
1.7146362337884669
1.7136207834482584
1.712607654798411
1.7115968379801947
1.7105883231974677
1.709582100716144
1.7085781608636736
1.7075764940285225
1.706577090659661
1.7055799412660575
1.7045850364161774
1.7035923667374853
1.7026019229159535
1.7016136956955799
1.7006276758779009
1.6996438543215207
1.6986622219416365
1.6976827697095758
1.6967054886523312
1.6957303698521056
1.6947574044458606
1.6937865836248678
1.6928178986342663
1.6918513407726241
1.6908869013915058
1.6899245718950409
1.6889643437394992
1.6880062084328706
1.6870501575344479
1.6860961826544139
1.6851442754534345
1.6841944276422527
1.6832466309812903
1.682300877280249
1.6813571583977205
1.6804154662407973
1.679475792764688
1.6785381299723372
1.677602469914047
1.6766688046871057
1.6757371264354164
1.6748074273491336
1.673879699664297
1.6729539356624759
1.6720301276704128
1.6711082680596714
1.6701883492462875
1.669270363690426
1.6683543038960362
1.667440162410516
1.6665279318243758
1.6656176047709055
1.6647091739258477
1.66380263200707
1.6628979717742451
1.661995186028528
1.6610942676122429
1.6601952094085684
1.6592980043412253
1.6584026453741736
1.6575091255113044
1.6566174377961385
1.655727575311529
1.6548395311793649
1.6539532985602772
1.6530688706533485
1.6521862406958265
1.6513054019628377
1.6504263477671042
1.6495490714586667
1.6486735664246048
1.647799826088763
1.6469278439114796
1.6460576133893157
1.6451891280547888
1.6443223814761085
1.643457367256914
1.642594079036014
1.6417325104871303
1.6408726553186406
1.6400145072733285
1.6391580601281313
1.6383033076938918
1.6374502438151142
1.6365988623697167
1.6357491572687959
1.6349011224563803
1.6340547519091988
1.6332100396364435
1.6323669796795377
1.6315255661119021
1.6306857930387306
1.6298476545967602
1.6290111449540476
1.6281762583097457
1.6273429888938837
1.6265113309671495
1.625681278820669
1.6248528267757947
1.6240259691838916
1.6232007004261255
1.6223770149132548
1.6215549070854216
1.620734371411947
1.6199154023911284
1.6190979945500332
1.6182821424443041
1.617467840657956
1.616655083803182
1.615843866520156
1.6150341834768414
1.614226029368797
1.6134193989189898
1.6126142868776032
1.6118106880218521
1.611008597155798
1.6102080091101625
1.6094089187421494
1.6086113209352602
1.6078152105991175
1.6070205826692863
1.606227432107098
1.6054357538994768
1.6046455430587654
1.6038567946225544
1.6030695036535119
1.6022836652392136
1.6014992744919783
1.6007163265486986
1.5999348165706784
1.5991547397434691
1.5983760912767093
1.5975988664039624
1.5968230603825573
1.596048668493433
1.5952756860409796
1.5945041083528848
1.593733930779979
1.592965148696084
1.5921977574978592
1.5914317526046542
1.5906671294583583
1.5899038835232528
1.5891420102858658
1.5883815052548245
1.5876223639607148
1.5868645819559342
1.5861081548145533
1.5853530781321739
1.5845993475257891
1.5838469586336454
1.5830959071151065
1.582346188650515
1.5815977989410595
1.580850733708639
1.5801049886957315
1.5793605596652613
1.5786174424004682
1.5778756327047778
1.5771351264016735
1.5763959193345687
1.575658007366679
1.5749213863808984
1.5741860522796733
1.5734520009848787
1.5727192284376967
1.5719877305984946
1.5712575034467031
1.5705285429806966
1.569800845217676
1.5690744061935495
1.5683492219628146
1.5676252885984447
1.5669026021917716
1.5661811588523713
1.5654609547079525
1.5647419859042417
1.5640242486048737
1.563307738991279
1.5625924532625746
1.561878387635456
1.5611655383440866
1.5604539016399928
1.5597434737919544
1.559034251085903
1.5583262298248124
1.5576194063285986
1.556913776934013
1.5562093379945423
1.5555060858803058
1.5548040169779538
1.5541031276905677
1.5534034144375608
1.55270487365458
1.552007501793407
1.5513112953218602
1.550616250723701
1.5499223644985338
1.549229633161716
1.548538053244259
1.5478476212927366
1.5471583338691923
1.546470187551047
1.5457831789310064
1.5450973046169703
1.5444125612319435
1.5437289454139451
1.5430464538159205
1.542365083105651
1.5416848299656698
1.5410056910931722
1.5403276631999299
1.5396507430122055
1.5389749272706685
1.538300212730309
1.537626596160355
1.5369540743441887
1.5362826440792654
1.5356123021770283
1.534943045462831
1.5342748707758533
1.533607774969025
1.53294175490894
1.532276807475784
1.5316129295632523
1.5309501180784726
1.530288369941926
1.529627682087375
1.5289680514617816
1.5283094750252348
1.527651949750875
1.5269954726248185
1.5263400406460848
1.525685650826521
1.525032300190732
1.5243799857760039
1.523728704632235
1.5230784538218636
1.5224292304197957
1.521781031513337
1.5211338542021202
1.5204876955980378
1.5198425528251711
1.5191984230197235
1.5185553033299517
1.5179131909160966
1.517272082950319
1.5166319766166316
1.5159928691108318
1.5153547576404383
1.5147176394246233
1.5140815116941506
1.513446371691308
1.5128122166698463
1.5121790438949136
1.5115468506429952
1.5109156342018464
1.5102853918704346
1.509656120958877
1.5090278187883766
1.5084004826911641
1.5077741100104358
1.5071486981002946
1.50652424432569
1.5059007460623592
1.505278200696767
1.5046566056260484
1.5040359582579514
1.5034162560107776
1.5027974963133255
1.5021796766048352
1.5015627943349297
1.5009468469635596
1.5003318319609482
1.4997177468075353
1.4991045889939227
1.4984923560208188
1.497881045398985
1.497270654649183
1.4966611813021184
1.49605262289839
1.4954449769884368
1.4948382411324839
1.4942324129004925
1.4936274898721067
1.4930234696366023
1.4924203497928368
1.4918181279491973
1.4912168017235508
1.4906163687431941
1.4900168266448044
1.4894181730743885
1.4888204056872358
1.4882235221478681
1.4876275201299913
1.4870323973164483
1.4864381513991698
1.4858447800791272
1.4852522810662874
1.484660652079562
1.4840698908467644
1.4834799951045612
1.482890962598428
1.4823027910826023
1.4817154783200395
1.4811290220823656
1.4805434201498349
1.4799586703112844
1.4793747703640896
1.4787917181141201
1.478209511375697
1.477628147971549
1.477047625732769
1.476467942498772
1.475889096117252
1.4753110844441395
1.474733905343561
1.4741575566877954
1.4735820363572327
1.4730073422403354
1.4724334722335934
1.471860424241487
1.4712881961764448
1.4707167859588028
1.4701461915167666
1.4695764107863694
1.4690074417114352
1.4684392822435368
1.467871930341959
1.4673053839736592
1.4667396411132285
1.4661746997428544
1.4656105578522822
1.4650472134387773
1.4644846645070886
1.4639229090694101
1.4633619451453443
1.462801770761866
1.4622423839532839
1.461683782761207
1.4611259652345066
1.4605689294292812
1.4600126734088188
1.459457195243566
1.4589024930110877
1.4583485647960355
1.4577954086901115
1.4572430227920332
1.456691405207501
1.4561405540491625
1.455590467436579
1.4550411434961916
1.4544925803612883
1.4539447761719695
1.4533977290751159
1.4528514372243555
1.4523058987800304
1.4517611119091642
1.4512170747854298
1.4506737855891185
1.4501312425071053
1.4495894437328203
1.4490483874662143
1.4485080719137302
1.4479684952882692
1.4474296558091615
1.4468915517021346
1.4463541811992835
1.4458175425390396
1.4452816339661407
1.4447464537316008
1.4442120000926801
1.443678271312856
1.4431452656617918
1.4426129814153101
1.4420814168553608
1.4415505702699938
1.4410204399533297
1.4404910242055307
1.4399623213327728
1.4394343296472165
1.43890704746698
1.4383804731161105
1.437854604924555
1.4373294412281352
1.4368049803685181
1.436281220693189
1.435758160555425
1.4352357983142672
1.4347141323344936
1.4341931609865937
1.4336728826467404
1.4331532956967645
1.432634398524128
1.4321161895218981
1.4315986670887224
1.4310818296287997
1.4305656755518588
1.4300502032731295
1.4295354112133196
1.4290212977985877
1.428507861460519
1.4279951006361016
1.4274830137676988
1.4269715993030276
1.426460855695132
1.4259507814023595
1.425441374888337
1.4249326346219466
1.4244245590773008
1.4239171467337202
1.4234103960757085
1.42290430559293
1.4223988737801851
1.421894099137388
1.421389980169543
1.4208865153867216
1.4203837033040398
1.4198815424416351
1.419380031324644
1.4188791684831787
1.4183789524523072
1.4178793817720277
1.4173804549872486
1.4168821706477666
1.4163845273082432
1.4158875235281847
1.4153911578719203
1.4148954289085778
1.4144003352120678
1.4139058753610565
1.4134120479389487
1.4129188515338647
1.41242628473862
1.4119343461507041
1.411443034372261
1.4109523480100665
1.4104622856755105
1.4099728459845737
1.40948402755781
1.4089958290203242
1.4085082490017533
1.4080212861362469
1.4075349390624459
1.4070492064234636
1.4065640868668674
1.4060795790446563
1.4055956816132449
1.4051123932334422
1.404629712570432
1.4041476382937557
1.4036661690772916
1.4031853035992379
1.4027050405420909
1.4022253785926302
1.4017463164418975
1.4012678527851785
1.4007899863219855
1.4003127157560387
1.3998360397952474
1.399359957151693
1.398884466541611
1.3984095666853715
1.3979352563074634
1.397461534136477
1.3969883989050829
1.39651584935002
1.3960438842120733
1.3955725022360592
1.395101702170807
1.394631482769143
1.3941618427878735
1.3936927809877653
1.3932242961335326
1.3927563869938182
1.3922890523411766
1.3918222909520583
1.3913561016067935
1.3908904830895739
1.3904254341884388
1.3899609536952575
1.3894970404057136
1.3890336931192881
1.3885709106392456
1.3881086917726155
1.3876470353301777
1.3871859401264484
1.3867254049796611
1.386265428711754
1.385806010148353
1.385347148118756
1.38488884145592
1.384431088996443
1.38397388958055
1.3835172420520785
1.3830611452584622
1.3826055980507177
1.3821505992834278
1.381696147814729
1.3812422425062947
1.3807888822233216
1.380336065834515
1.3798837922120746
1.3794320602316796
1.3789808687724745
1.378530216717056
1.3780801029514567
1.3776305263651325
1.3771814858509486
1.3767329803051653
1.3762850086274234
1.3758375697207317
1.3753906624914514
1.3749442858492855
1.374498438707262
1.3740531199817219
1.373608328592306
1.3731640634619404
1.3727203235168244
1.3722771076864164
1.3718344149034212
1.3713922441037762
1.3709505942266398
1.3705094642143762
1.3700688530125449
1.3696287595698855
1.3691891828383076
1.3687501217728746
1.3683115753317945
1.367873542476405
1.3674360221711621
1.3669990133836276