3.653641188805598
3.2986133073661374
3.0912620863265126
2.944372684880925
2.8306129170013032
2.737808297124735
2.6594645830167414
2.591705290050522
2.532030005500012
2.4787314645241634
2.430591944074139
2.386712322011243
2.34640979463633
2.309153607439671
2.2745230127112657
2.242178823478266
2.211843606411743
2.183287544829152
2.1563181290381523
2.1307724942113646
2.1065116296282818
2.083415936267375
2.0613817727052033
2.0403187366803386
2.0201475019580486
2.000798079702819
1.982208408153059
1.964323198905972
1.9470929857457877
1.9304733347891607
1.914424184191038
1.898909288716685
1.8838957498081341
1.8693536158238502
1.8552555402409776
1.8415764880187298
1.828293482202207
1.8153853843252803
1.802832703342883
1.7906174287573848
1.7787228843533485
1.767133599560058
1.755835195952324
1.7448142868008347
1.7340583879120075
1.7235558382681617
1.7132957292030944
1.703267841034604
1.6934625862312038
1.6838709583208062
1.6744844858589958
1.6652951908672882
1.6562955512303976
1.6474784666084261
1.6388372274769218
1.630365486956596
1.6220572351363902
1.613906775629673
1.6059087041344844
1.598057888795702
1.5903494521904038
1.5827787547780292
1.5753413796747036
1.5680331186265937
1.560849959070725
1.5537880721836475
1.5468438018287982
1.5400136543226726
1.5332942889480683
1.5266825091499023
1.5201752543555036
1.5137695923669652
1.5074627122782165
1.5012519178739678
1.4951346214717227
1.4891083381716368
1.4831706804822322
1.4773193532928741
1.4715521491664934
1.4658669439283871
1.4602616925290277
1.4547344251607068
1.4492832436095473
1.4439063178259763
1.4386018826981386
1.4333682350140144
1.428203730599145
1.4231067816179281
1.4180758540273917
1.413109465173222
1.4082061815186129
1.4033646164972329
1.3985834284822496
1.3938613188639677
1.3891970302291878
1.3845893446358848
1.3800370819772914
1.3755390984298725
1.3710942849800887
1.3667015660251947
1.3623598980436498
1.3580682683310294
1.3538256937976008
1.349631219823988
1.3454839191715926
1.3413828909446524
1.337327259601033
1.3333161740090285
1.3293488065476293
1.325424352247874
1.3215420279730536
1.3177010716356814
1.313900741449261
1.3101403152130189
1.30641908962787
1.302736379641996
1.2990915178245124
1.2954838537657827
1.2919127535030424
1.2883775989700506
1.2848777874695791
1.28141273116761
1.2779818566081773
1.2745846042478512
1.2712204280089157
1.2678887948503497
1.2645891843557642
1.2613210883374986
1.2580840104561195
1.254877465854615
1.2517009808065969
1.2485540923778877
1.2454363481008688
1.242347305661031
1.2392865325951732
1.2362536060007407
1.2332481122558054
1.2302696467492338
1.2273178136205887
1.2243922255093591
1.221492503313111
1.2186182759541835
1.2157691801545705
1.2129448602186466
1.2101449678234095
1.207369161815931
1.2046171080177188
1.201888479035712
1.1991829540796377
1.1965002187854759
1.1938399650447882
1.1912018908396829
1.1885857000831832
1.1859911024648013
1.1834178133011046
1.1808655533910901
1.178334048876176
1.1758230311046398
1.1733322365003298
1.1708614064354939
1.1684102871075674
1.1659786294197774
1.1635661888654183
1.1611727254156663
1.1587980034108032
1.156441791454727
1.1541038623126274
1.1517839928117184
1.1494819637449127
1.1471975597773405
1.1449305693556044
1.1426807846196854
1.1404480013173963
1.1382320187213038
1.136032639548028
1.133849669879842
1.1316829190884918
1.1295321997611603
1.1273973276285068
1.1252781214947085
1.1231744031694404
1.1210859974017284
1.1190127318156142
1.1169544368475723
1.1149109456856232
1.1128820942100863
1.1108677209359221
1.1088676669566098
1.106881775889514
1.104909893822694
1.1029518692631044
1.101007553086153
1.0990767984865637
1.0971594609305124
1.09525539810899
1.0933644698923597
1.091486538286069
1.0896214673874838
1.0877691233438065
1.0859293743110525
1.0841020904140457
1.0822871437074078
1.0804844081375107
1.0786937595053627
1.0769150754304013
1.0751482353151676
1.0733931203108347
1.071649613283568
1.0699175987816882
1.068196963003622
1.0664875937666107
1.0647893804761592
1.0631022140962032
1.0614259871199756
1.0597605935415486
1.0581059288280408
1.0564618898924605
1.0548283750671767
1.0532052840779946
1.0515925180188221
1.0499899793269114
1.0483975717586562
1.0468152003659361
1.0452427714729862
1.0436801926537846
1.0421273727099405
1.0405842216490662
1.0390506506636297
1.0375265721102669
1.036011899489543
1.0345065474261546
1.0330104316495594
1.0315234689750197
1.0300455772850539
1.0285766755112813
1.0271166836166539
1.0256655225780618
1.024223114369306
1.0227893819444263
1.0213642492213781
1.019947641066048
1.018539483276599
1.0171397025681415
1.0157482265577131
1.0143649837495707
1.0129899035207792
1.0116229161070915
1.0102639525891168
1.0089129448787633
1.0075698257059535
1.0062345286056054
1.0049069879048713
1.0035871387106285
1.0022749168972185
1.0009702590944236
0.9996731026756823
0.9983833857465303
0.9971010471332684
0.9958260263718495
0.9945582636969768
0.9932977000314128
0.9920442769754937
0.9907979367968404
0.9895586224202662
0.9883262774178755
0.987100845999347
0.9858822730024003
0.98467050388344
0.9834654847083742
0.9822671621436023
0.9810754834471694
0.9798903964600846
0.9787118495977952
0.9775397918418213
0.9763741727315376
0.9752149423561076
0.9740620513465619
0.9729154508680191
0.9717750926120465
0.9706409287891574
0.9695129121214406
0.9683909958353232
0.9672751336544577
0.966165279792738
0.9650613889474349
0.9639634162924542
0.9628713174717095
0.9617850485926128
0.9607045662196759
0.9596298273682221
0.9585607894982072
0.9574974105081456
0.956439648729139
0.9553874629190084
0.954340812256525
0.9532996563357365
0.9522639551603932
0.9512336691384627
0.9502087590767397
0.9491891861755445
0.9481749120235088
0.9471658985924492
0.9461621082323242
0.9451635036662744
0.9441700479857446
0.9431817046456841
0.9421984374598256
0.9412202105960429
0.9402469885717798
0.9392787362495558
0.9383154188325428
0.9373570018602123
0.9364034512040527
0.9354547330633545
0.9345108139610625
0.9335716607396931
0.9326372405573168
0.9317075208836025
0.9307824694959255
0.9298620544755339
0.9289462442037779
0.9280350073583932
0.9271283129098464
0.9262261301177344
0.9253284285272377
0.9244351779656327
0.9235463485388509
0.9226619106280967
0.9217818348865117
0.9209060922358933
0.920034653863459
0.9191674912186626
0.9183045760100569
0.9174458802022024
0.9165913760126239
0.9157410359088102
0.9148948326052603
0.9140527390605725
0.9132147284745749
0.9123807742855002
0.9115508501672012
0.9107249300264052
0.9099029880000123
0.9090849984524276
0.9082709359729372
0.9074607753731174
0.9066544916842857
0.9058520601549845
0.9050534562485025
0.9042586556404318
0.903467634216259
0.90268036806899
0.9018968334968103
0.9011170070007757
0.9003408652825372
0.8995683852420975
0.8987995439755982
0.8980343187731393
0.8972726871166262
0.8965146266776499
0.8957601153153946
0.8950091310745736
0.8942616521833952
0.8935176570515553
0.892777124268258
0.8920400326002625
0.8913063609899581
0.8905760885534623
0.8898491945787481
0.8891256585237947
0.8884054600147617
0.887688578844192
0.8869749949692335
0.8862646885098882
0.8855576397472837
0.8848538291219669
0.8841532372322207
0.8834558448324028
0.8827616328313067
0.8820705822905441
0.8813826744229479
0.8806978905909963
0.8800162123052586
0.8793376212228581
0.8786620991459595
0.877989628020271
0.8773201899335695
0.8766537671142419
0.8759903419298473
0.8753298968856958
0.8746724146234474
0.8740178779197262
0.8733662696847544
0.8727175729610024
0.8720717709218561
0.8714288468703006
0.8707887842376225
0.8701515665821249
0.8695171775878615
0.8688856010633847
0.8682568209405106
0.8676308212730977
0.8670075862358422
0.8663871001230872
0.8657693473476469
0.8651543124396456
0.8645419800453696
0.8639323349261344
0.8633253619571659
0.8627210461264936
0.8621193725338584
0.8615203263896343
0.8609238930137602
0.8603300578346886
0.8597388063883438
0.8591501243170936
0.8585639973687333
0.8579804113954816
0.8573993523529893
0.8568208062993582
0.8562447593941729
0.8556711978975431
0.8551001081691583
0.8545314766673523
0.8539652899481796
0.8534015346645017
0.8528401975650858
0.8522812654937113
0.8517247253882889
0.8511705642799897
0.8506187692923822
0.8500693276405826
0.8495222266304115
0.848977453657563
0.8484349962067818
0.8478948418510496
0.8473569782507819
0.8468213931530326
0.8462880743907085
0.8457570098817933
0.8452281876285768
0.8447015957168988
0.844177222315396
0.8436550556747595
0.8431350841270018
0.8426172960847295
0.8421016800404257
0.8415882245657405
0.8410769183107877
0.8405677500034516
0.8400607084486996
0.839555782527903
0.8390529611981652
0.8385522334916583
0.8380535885149644
0.8375570154484266
0.837062503545506
0.8365700421321458
0.8360796206061418
0.8355912284365209
0.8351048551629249
0.8346204903950022
0.834138123811805
0.8336577451611935
0.8331793442592461
0.8327029109896769
0.8322284353032577
0.8317559072172478
0.8312853168148288
0.8308166542445452
0.8303499097197526
0.8298850735180694
0.8294221359808364
0.8289610875125787
0.8285019185804796
0.8280446197138517
0.8275891815036204
0.8271355946018092
0.8266838497210314
0.826233937633987
0.8257858491729643
0.8253395752293475
0.824895106753129
0.8244524347524264
0.8240115502930039
0.823572444497801
0.8231351085464627
0.8226995336748772
0.8222657111747171
0.8218336323929847
0.8214032887315637
0.8209746716467725
0.8205477726489263
0.8201225833018989
0.8196990952226921
0.8192773000810085
0.8188571895988279
0.8184387555499892
0.818021989759775
0.8176068841045018
0.8171934305111127
0.8167816209567762
0.8163714474684864
0.8159629021226693
0.815555977044792
0.8151506644089757
0.8147469564376122
0.8143448454009864
0.8139443236168981
0.8135453834502919
0.813148017312889
0.8127522176628205
0.8123579770042686
0.8119652878871068
0.8115741429065474
0.8111845347027887
0.8107964559606695
0.8104098994093233
0.8100248578218378
0.809641324014918
0.8092592908485507
0.8088787512256741
0.8084996980918492
0.8081221244349347
0.8077460232847655
0.8073713877128336
0.806998210831972
0.806626485796042
0.8062562057996233
0.8058873640777067
0.8055199539053894
0.805153968597575
0.8047894015086738
0.8044262460323071
0.8040644956010138
0.8037041436859613
0.8033451837966571
0.8029876094806631
0.8026314143233139
0.8022765919474377
0.8019231360130774
0.8015710402172174
0.8012202982935105
0.8008709040120086
0.800522851178895
0.8001761336362206
0.7998307452616401
0.7994866799681531
0.7991439317038458
0.7988024944516353
0.7984623622290176
0.7981235290878158
0.7977859891139321
0.7974497364271008
0.7971147651806451
0.7967810695612351
0.7964486437886462
0.7961174821155239
0.7957875788271468
0.7954589282411937
0.7951315247075115
0.7948053626078867
0.7944804363558174
0.7941567403962884
0.7938342692055469
0.793513017290883
0.7931929791904078
0.7928741494728379
0.7925565227372782
0.7922400936130095
0.791924856759275
0.7916108068650718
0.7912979386489412
0.7909862468587634
0.7906757262715521
0.7903663716932516
0.7900581779585357
0.7897511399306085
0.7894452525010061
0.7891405105894012
0.7888369091434079
0.7885344431383897
0.7882331075772677
0.787932897490332
0.7876338079350529
0.7873358339958952
0.7870389707841332
0.7867432134376677
0.7864485571208446
0.7861549970242742
0.7858625283646526
0.7855711463845862
0.7852808463524136
0.7849916235620336
0.784703473332731
0.7844163910090068
0.7841303719604071
0.7838454115813547
0.7835615052909835
0.783278648532971
0.782996836775376
0.7827160655104733
0.7824363302545944
0.7821576265479656
0.7818799499545502
0.7816032960618898
0.7813276604809489
0.7810530388459592
0.7807794268142662
0.780506820066176
0.7802352143048047
0.7799646052559278
0.7796949886678315
0.7794263603111652
0.7791587159787942
0.7788920514856552
0.7786263626686126
0.7783616453863137
0.7780978955190483
0.7778351089686081
0.7775732816581459
0.7773124095320385
0.7770524885557482
0.7767935147156872
0.7765354840190821
0.7762783924938397
0.7760222361884139
0.7757670111716748
0.7755127135327752
0.7752593393810238
0.7750068848457533
0.7747553460761946
0.7745047192413488
0.7742550005298617
0.7740061861498989
0.7737582723290216
0.7735112553140631
0.7732651313710079
0.7730198967848704
0.7727755478595733
0.7725320809178303
0.7722894923010265
0.7720477783691015
0.7718069355004328
0.7715669600917201
0.7713278485578711
0.771089597331887
0.7708522028647495
0.7706156616253098
0.7703799701001757
0.7701451247936024
0.7699111222273832
0.7696779589407392
0.7694456314902131
0.7692141364495609
0.7689834704096464
0.768753629978336
0.7685246117803923
0.7682964124573725
0.7680690286675236
0.7678424570856806
0.7676166944031655
0.7673917373276857
0.7671675825832343
0.7669442269099904
0.7667216670642214
0.7664998998181844
0.7662789219600294
0.7660587302937023
0.7658393216388508
0.7656206928307278
0.7654028407200973
0.765185762173142
0.7649694540713698
0.7647539133115208
0.7645391368054769
0.7643251214801703
0.7641118642774938
0.7638993621542108
0.7636876120818671
0.7634766110467013
0.7632663560495594
0.7630568441058051
0.7628480722452365
0.7626400375119978
0.7624327369644956
0.7622261676753147
0.7620203267311328
0.761815211232639
0.7616108182944497
0.7614071450450275
0.7612041886265998
0.7610019461950766
0.7608004149199721
0.7605995919843235
0.7603994745846127
0.7602000599306871
0.760001345245682
0.759803327765943
0.7596060047409487
0.7594093734332357
0.7592134311183204
0.7590181750846257
0.7588236026334055
0.7586297110786707
0.7584364977471149
0.7582439599780416
0.7580520951232915
0.7578609005471708
0.757670373626378
0.7574805117499345
0.7572913123191132
0.7571027727473677
0.7569148904602635
0.756727662895408
0.7565410875023835
0.7563551617426757
0.7561698830896096
0.7559852490282792
0.7558012570554827
0.7556179046796547
0.7554351894208015
0.7552531088104341
0.7550716603915049
0.7548908417183418
0.7547106503565841
0.7545310838831205
0.754352139886023
0.7541738159644865
0.7539961097287654
0.7538190188001113
0.753642540810712
0.7534666734036304
0.7532914142327435
0.7531167609626815
0.7529427112687694
0.752769262836966
0.7525964133638056
0.7524241605563389
0.7522525021320748
0.7520814358189232
0.7519109593551357
0.7517410704892505
0.7515717669800338
0.7514030465964254
0.7512349071174803
0.7510673463323152
0.7509003620400521
0.7507339520497632
0.7505681141804176
0.7504028462608261
0.7502381461295867
0.7500740116350335
0.7499104406351811
0.7497474309976734
0.7495849805997298
0.7494230873280955
0.7492617490789869
0.7491009637580421
0.7489407292802696
0.7487810435699965
0.7486219045608199
0.7484633101955555
0.7483052584261876
0.7481477472138213
0.7479907745286322
0.7478343383498175
0.7476784366655482
0.7475230674729209
0.7473682287779093
0.7472139185953177
0.747060134948733
0.746906875870478
0.746754139401565
0.7466019235916491
0.746450226498983
0.7462990461903701
0.7461483807411203
0.7459982282350038
0.7458485867642073
0.7456994544292883
0.7455508293391319
0.745402709610906
0.7452550933700187
0.7451079787500735
0.7449613638928266
0.7448152469481449
0.7446696260739623
0.7445244994362377
0.744379865208913
0.7442357215738716
0.7440920667208965
0.7439488988476285
0.7438062161595264
0.7436640168698252
0.7435222991994966
0.7433810613772072
0.7432403016392803
0.7431000182296545
0.7429602093998456
0.7428208734089069
0.742682008523389
0.7425436130173025
0.7424056851720799
0.7422682232765352
0.7421312256268274
0.741994690526423
0.7418586162860569
0.7417230012236964
0.7415878436645036
0.741453141940798
0.741318894392021
0.7411850993646988
0.7410517552124055
0.7409188602957286
0.7407864129822317
0.74065441164642
0.7405228546697048
0.740391740440368
0.7402610673535276
0.7401308338111025
0.7400010382217782
0.7398716790009733
0.7397427545708045
0.7396142633600528
0.73948620380413
0.7393585743450459
0.7392313734313738
0.7391045995182186
0.7389782510671836
0.7388523265463369
0.7387268244301808
0.7386017431996179
0.7384770813419196
0.738352837350695
0.7382290097258575
0.7381055969735947
0.7379825976063374
0.7378600101427266
0.7377378331075845
0.7376160650318828
0.7374947044527126
0.7373737499132532
0.7372531999627431
0.7371330531564486
0.7370133080556355
0.7368939632275378
0.7367750172453299
0.7366564686880954
0.7365383161408002
0.7364205581942609
0.7363031934451184
0.7361862204958077
0.7360696379545302
0.7359534444352253
0.7358376385575419
0.7357222189468106
0.735607184234016
0.7354925330557697
0.7353782640542811
0.7352643758773317
0.7351508671782474
0.735037736615871
0.734924982854536
0.7348126045640406
0.7347006004196184
0.7345889691019157
0.7344777092969625
0.7343668196961475
0.7342562989961924
0.734146145899125
0.7340363591122554
0.7339269373481485
0.7338178793246003
0.7337091837646114
0.733600849396363
0.7334928749531918
0.7333852591735643
0.7332780008010535
0.7331710985843136
0.7330645512770557
0.732958357638024
0.7328525164309716
0.7327470264246362
0.732641886392717
0.7325370951138498
0.7324326513715855
0.7323285539543645
0.7322248016554951
0.7321213932731298
0.7320183276102415
0.7319156034746023
0.7318132196787596
0.731711175040013
0.7316094683803941
0.7315080985266414
0.7314070643101794
0.731306364567097
0.7312059981381243
0.7311059638686119
0.7310062606085083
0.7309068872123385
0.7308078425391831
0.7307091254526559
0.7306107348208837
0.7305126695164843
0.730414928416546
0.7303175104026065
0.7302204143606323
0.7301236391809979
0.7300271837584649
0.7299310469921624
0.7298352277855655
0.7297397250464764
0.7296445376870038
0.7295496646235419
0.7294551047767519
0.7293608570715419
0.7292669204370464
0.7291732938066084
0.7290799761177575
0.7289869663121935
0.7288942633357645
0.7288018661384493
0.7287097736743382
0.7286179849016136
0.7285264987825314
0.7284353142834025
0.728344430374574
0.7282538460304105
0.7281635602292759
0.728073571953515
0.7279838801894357
0.7278944839272901
0.7278053821612571
0.727716573889424
0.7276280581137695
0.7275398338401449
0.7274519000782571
0.727364255841651
0.7272769001476921
0.7271898320175488
0.7271030504761757
0.7270165545522959
0.7269303432783838
0.7268444156906493
0.7267587708290195
0.7266734077371226
0.7265883254622708
0.7265035230554444
0.7264189995712748
0.7263347540680275
0.7262507856075868
0.7261670932554387
0.7260836760806555
0.7260005331558785
0.7259176635573036
0.7258350663646639
0.7257527406612144
0.7256706855337168
0.7255889000724228
0.7255073833710594
0.7254261345268127
0.725345152640313
0.7252644368156188
0.7251839861602026
0.7251037997849346
0.725023876804068
0.7249442163352243
0.7248648174993781
0.7247856794208417
0.7247068012272512
0.7246281820495515
0.7245498210219808
0.7244717172820578
0.7243938699705654
0.7243162782315375
0.7242389412122436
0.7241618580631758
0.7240850279380338
0.7240084499937105
0.7239321233902792
0.7238560472909782
0.7237802208621976
0.7237046432734656
0.7236293136974342
0.7235542313098664
0.7234793952896212
0.7234048048186421
0.723330459081941
0.7232563572675874
0.7231824985666929
0.7231088821733999
0.7230355072848663
0.7229623731012546
0.7228894788257165
0.7228168236643822
0.7227444068263454
0.7226722275236521
0.722600284971287